A1,A2,B1,B2,B3,B4,NA
-2.68E-01,-2.75E-01,-2.63E-01,-2.59E-01,-2.67E-01,-2.67E-01,-2.26E-01
-2.75E-01,-2.99E-01,-2.87E-01,-2.81E-01,-3.01E-01,-3.01E-01,-2.45E-01
-2.63E-01,-2.87E-01,-3.42E-01,-3.22E-01,-3.37E-01,-3.37E-01,-2.10E-01
-2.59E-01,-2.81E-01,-3.22E-01,-3.30E-01,-3.29E-01,-3.29E-01,-2.83E-01
-2.67E-01,-3.01E-01,-3.37E-01,-3.29E-01,-3.41E-01,-3.41E-01,-3.49E-01
-2.67E-01,-3.01E-01,-3.37E-01,-3.29E-01,-3.41E-01,-3.41E-01,-3.49E-01
-2.26E-01,-2.45E-01,-2.10E-01,-2.83E-01,-3.49E-01,-3.49E-01,-2.56E-01